mean: [33.50171313840204, 120.99524642902873, 13.497822335598874, 144.86718814032153]
std: [0.8138465721906517, 0.4888924130454928, 4.698496306556984, 16.84252711369227]
